	AA	AC	AG	AT	CA	CC	CG	CT	GA	GC	GG	GT	TA	TC	TG	TT
1	1817	86	420	195	148	75	29	88	974	50	424	84	116	57	73	77
2	1842	87	467	250	160	57	19	79	988	71	459	76	125	64	60	92
3	1940	90	474	234	138	80	35	96	1008	74	434	109	141	53	62	110
4	1868	75	456	264	134	71	26	92	972	85	423	98	120	59	81	112
5	1803	78	440	279	161	53	26	69	992	81	410	86	100	51	79	98
6	1828	69	433	248	149	54	21	96	929	68	415	79	120	48	74	91
7	1897	86	432	250	156	56	20	66	905	50	427	83	129	59	59	99
8	1835	83	457	268	150	64	14	72	983	84	390	70	147	41	69	91
9	1819	96	474	242	162	76	25	81	943	52	463	85	115	65	71	83
10	1767	90	462	221	153	57	11	93	987	67	398	84	132	63	77	99
11	1836	107	436	242	144	62	21	85	959	54	428	70	117	52	64	98
12	1910	70	468	275	139	54	20	95	1035	57	407	66	123	56	63	102
13	1674	92	444	255	154	52	25	79	979	65	458	73	132	65	69	104
14	1827	84	484	228	137	59	28	82	1012	59	428	95	114	81	66	103
15	1850	88	477	247	136	65	23	84	914	62	409	82	140	39	82	86
16	1869	74	470	260	152	53	5	75	1008	68	359	85	112	52	53	107
17	1938	82	470	232	145	57	23	77	942	51	423	84	123	59	69	103
18	1877	72	487	270	128	66	24	74	988	76	408	94	136	64	60	88
19	1803	88	443	221	173	67	18	74	939	68	428	73	137	83	76	114
20	1749	73	407	220	125	53	16	96	1038	58	412	84	115	54	81	102
21	1773	90	430	232	165	65	18	88	969	54	417	89	107	41	71	103
22	1876	83	440	245	128	48	24	73	973	67	392	77	110	58	65	86
23	1841	96	477	196	150	56	21	71	915	47	430	93	136	61	61	106
24	1866	83	420	279	133	78	22	79	959	79	447	77	127	87	56	91
25	1822	82	479	276	135	66	27	84	937	66	436	79	120	63	62	98
26	1901	81	454	240	162	69	22	87	983	73	443	89	134	67	68	90
27	1821	95	449	211	139	64	23	91	988	82	416	90	138	58	76	115
28	1768	80	453	241	161	74	24	100	904	47	415	72	126	57	70	102
29	1853	100	425	263	148	62	27	78	979	63	423	82	128	61	66	105
30	1811	91	472	269	145	60	22	79	979	75	453	93	105	47	53	110
31	1751	92	415	271	148	64	31	87	979	59	416	78	119	73	77	95
32	1884	84	426	272	126	59	13	72	966	67	437	88	121	57	57	108
33	1854	68	435	261	163	72	28	77	958	59	471	96	113	46	69	102
34	1816	88	447	255	133	82	23	76	948	62	439	79	114	58	62	98
35	1819	87	455	228	153	60	16	79	999	76	425	97	114	60	70	97
36	1868	96	460	243	160	62	17	83	973	81	433	72	126	59	79	120
37	1900	71	465	216	159	73	23	95	956	74	412	82	116	54	70	85
38	1884	73	443	252	139	64	29	82	1010	63	414	85	109	55	71	96
39	1868	84	467	265	146	53	20	84	943	72	496	85	123	53	75	75
40	1877	106	452	235	146	65	27	82	872	68	435	71	121	61	56	104
41	1753	61	436	245	149	60	16	75	987	57	416	82	147	62	63	123
42	1847	80	461	264	152	66	18	91	1025	67	431	77	128	60	69	95
43	1861	63	435	240	141	49	17	92	921	74	428	71	124	48	62	109
44	1898	78	459	235	130	63	20	83	948	58	385	90	129	64	71	89
45	1861	93	478	260	163	54	25	84	993	73	401	86	116	69	62	97
46	1759	90	433	268	128	54	20	89	897	58	433	89	136	50	76	103
47	1886	63	447	231	123	79	15	91	1003	67	396	93	133	68	64	104
48	1813	93	445	239	177	61	21	78	996	52	387	87	153	65	77	107
49	1807	88	450	240	149	54	20	93	984	53	429	97	124	66	68	101
50	1854	85	475	229	171	56	21	100	997	69	419	92	121	69	74	109
51	1743	80	446	234	131	76	24	90	935	76	409	94	124	78	56	94
52	1873	62	457	231	175	53	10	68	1032	68	405	72	119	62	60	115
53	1873	89	442	262	160	67	24	82	1009	61	460	78	128	55	69	103
54	1828	70	405	228	159	66	21	76	994	61	407	83	123	56	61	100
55	1839	75	452	261	150	73	22	77	920	55	393	95	115	70	60	104
56	1851	66	482	265	171	69	30	78	1031	73	438	90	129	62	80	120
57	1850	72	462	269	116	63	15	70	959	61	408	96	134	63	66	98
58	1843	68	444	267	139	61	29	89	954	51	483	82	132	64	66	112
59	1855	79	448	272	165	71	22	92	962	63	429	91	124	52	81	86
60	1802	68	445	244	145	55	25	91	991	64	441	82	117	56	69	93
61	1796	83	410	215	181	62	18	86	944	54	396	99	93	67	63	91
62	1872	81	448	245	148	61	32	104	972	61	472	88	120	71	61	108
63	1826	66	429	233	137	70	24	80	953	64	456	86	130	59	63	84
64	1821	63	398	261	136	59	23	68	955	60	425	85	121	60	79	96
65	1856	90	499	280	178	59	28	80	982	55	398	79	103	55	58	92
66	1927	80	441	266	136	71	22	80	970	48	383	78	124	58	82	81
67	1840	86	415	253	145	48	18	96	954	74	468	83	111	50	65	85
68	1833	70	451	235	146	51	24	85	931	56	418	95	110	59	72	102
69	1799	84	418	256	124	94	26	91	995	50	426	90	123	53	64	101
70	1824	64	473	234	180	61	15	91	962	50	404	90	118	66	61	109
71	1806	87	403	250	172	56	18	70	952	61	425	92	135	64	76	110
72	1882	76	448	268	169	85	18	84	992	54	452	70	120	49	89	88
73	1837	95	471	231	161	72	18	100	1011	72	460	90	116	51	71	99
74	1960	90	479	243	135	54	29	73	983	71	424	87	124	73	73	112
75	1907	74	413	281	172	72	35	81	1014	57	416	99	115	86	69	106
76	1801	91	447	247	163	52	24	74	1010	72	417	88	105	75	58	92
77	1894	95	433	244	143	62	21	92	996	62	433	80	107	60	66	98
78	1845	78	411	245	161	64	23	67	918	61	416	81	121	65	77	109
79	1840	89	420	247	151	49	24	94	912	55	423	103	120	49	56	108
80	1854	99	443	270	145	55	26	80	995	57	447	102	121	67	56	119
81	1828	87	454	284	160	71	20	80	995	71	435	90	119	53	67	94
82	1802	89	459	237	126	49	24	76	1017	60	404	84	143	64	71	81
83	1845	65	465	232	147	54	20	74	944	64	437	100	125	60	52	107
84	1895	94	518	234	179	56	19	86	964	54	405	75	104	66	66	104
85	1843	91	479	258	160	45	23	90	940	55	417	76	118	52	47	115
86	1823	74	429	238	115	75	26	71	922	75	449	78	110	71	74	111
87	1780	94	500	243	181	71	21	84	1025	54	449	67	115	63	71	89
88	1821	84	442	239	175	61	23	90	985	85	415	81	145	63	59	98
89	1864	90	426	236	139	53	24	89	966	74	420	104	138	52	77	95
90	1794	79	438	240	159	70	18	79	983	56	435	107	121	55	77	105
91	1849	94	455	239	154	61	27	74	966	64	406	73	117	55	54	107
92	1876	69	463	242	148	56	17	94	935	49	429	94	130	58	65	113
93	1772	86	416	235	138	55	26	75	966	46	440	90	135	60	68	117
94	1855	82	395	233	152	71	28	88	1035	66	438	76	110	51	59	100
95	1839	91	470	234	159	71	18	75	974	61	414	82	126	56	68	110
96	1814	82	441	245	163	55	25	79	954	75	416	90	135	50	60	88
97	1892	76	464	217	154	58	29	74	1009	68	404	74	102	69	69	87
98	1879	95	419	240	168	55	17	75	951	58	446	72	133	81	75	96
99	1809	99	428	213	157	59	20	85	958	54	434	95	123	62	64	115
100	1821	82	452	233	135	55	20	73	1058	53	441	81	107	53	62	88
101	1782	87	436	230	138	67	23	86	954	70	459	81	131	58	56	112
102	1876	84	459	232	182	74	30	85	987	84	414	103	132	75	72	102
103	1842	82	457	262	140	60	24	92	942	83	407	74	114	57	61	94
104	1832	72	456	252	170	57	17	70	1025	55	430	63	116	64	76	115
105	1851	86	423	225	161	64	33	80	1000	64	386	108	114	72	67	107
106	1787	71	439	239	142	72	22	86	962	57	425	108	116	52	81	85
107	1855	90	422	240	155	57	25	77	927	78	405	87	134	69	68	106
108	1856	78	436	211	161	54	23	100	948	52	441	90	122	73	62	89
109	1800	57	495	250	134	55	16	92	1034	62	408	93	104	55	69	114
110	1772	97	452	217	131	68	20	88	953	53	426	74	167	56	76	117
111	1845	105	432	239	164	74	23	70	948	61	398	91	125	57	71	108
112	1820	77	457	230	151	70	21	79	991	58	466	69	128	74	72	99
113	1818	91	415	231	148	57	21	92	987	66	416	87	108	48	57	122
114	1853	77	486	238	150	55	18	81	947	70	383	89	123	66	56	94
115	1748	89	496	253	182	74	20	100	959	71	390	91	149	60	63	109
116	1829	89	470	248	142	50	21	80	960	64	430	74	107	52	73	118
117	1871	85	434	257	149	62	24	93	983	72	425	97	93	60	48	92
118	1834	92	466	245	134	63	26	78	1012	68	428	90	126	71	77	83
119	1831	90	486	249	154	62	21	72	924	57	450	74	106	56	57	118
120	1880	78	419	255	165	53	25	99	980	73	427	80	106	46	68	89
121	1820	85	463	280	168	75	27	97	935	59	429	79	119	57	61	88
122	1839	83	441	232	134	62	21	71	947	79	476	82	130	51	61	82
123	1709	103	425	230	170	54	23	80	944	67	443	103	133	47	58	75
124	1815	89	419	233	136	61	15	81	959	51	430	69	114	56	45	89
125	1690	92	416	223	119	58	15	82	902	56	431	59	129	57	57	105
126	1802	61	438	226	149	59	21	74	942	70	430	83	96	44	50	99
127	1717	80	439	247	144	58	31	76	946	74	375	89	106	60	64	92
128	1736	87	454	224	144	52	19	92	981	75	419	89	120	63	73	98
129	1754	76	396	231	156	57	12	80	947	49	438	99	118	76	58	88
130	1681	65	420	268	142	52	23	72	875	49	413	85	127	45	62	80
131	1727	71	473	221	146	67	24	84	882	58	419	64	88	45	55	114
132	1752	76	404	240	144	61	26	73	909	51	427	66	100	70	54	103
133	1721	81	439	221	142	67	27	85	931	61	374	97	107	65	46	109
134	1713	69	453	234	118	79	17	96	955	57	347	90	136	63	43	84
135	1673	72	398	230	128	61	16	74	892	59	397	78	126	69	75	93
136	1725	84	421	257	145	54	17	80	921	57	377	77	105	62	58	97
137	1712	80	353	242	157	59	18	76	905	68	386	79	113	61	54	82
138	1659	101	415	216	139	40	23	82	888	45	400	74	136	64	70	90
139	1697	69	360	221	141	47	16	70	914	64	363	56	137	48	60	90
140	1659	71	353	227	133	53	17	82	973	70	374	68	105	74	54	93
141	1740	82	389	235	150	58	29	78	920	60	381	75	127	56	59	90
142	1641	67	397	218	135	49	22	71	893	60	431	94	125	42	53	103
143	1731	68	411	187	162	57	17	60	792	62	362	90	115	66	61	78
144	1675	74	371	226	134	50	16	77	885	68	357	84	108	52	54	86
145	1653	65	363	242	120	53	18	69	799	60	411	70	117	62	59	66
146	1637	69	440	195	121	54	12	63	914	52	426	69	117	48	62	111
147	1600	87	411	203	118	71	10	80	863	65	384	70	104	56	62	81
